Spearman = 0.213220309534
Pearson = 0.227873274501
MSE = 0.0210419105377
