Spearman = 0.315299190762
Pearson = 0.300353299448
MSE = 0.00622856683323
