Spearman = 0.111450273563
Pearson = 0.111871275219
MSE = 0.02082995163
