Spearman = 0.0912399728968
Pearson = 0.0903452103782
MSE = 0.0204621028115
