Spearman = 0.0576604011386
Pearson = 0.0636266715321
MSE = 0.0203009169531
