Spearman = 0.121194012473
Pearson = 0.109380523783
MSE = 0.0066571413847
