Spearman = 0.0835623449975
Pearson = 0.0867756604808
MSE = 0.0204797630969
