Spearman = 0.356349395633
Pearson = 0.376616050212
MSE = 0.00592491051778
