Spearman = 0.230784931327
Pearson = 0.244456159518
MSE = 0.00636774412917
