Spearman = 0.347226882476
Pearson = 0.334620908801
MSE = 0.00606703318729
